<?xml version="1.0"?>
<opencv_storage>
<ExtrinsicWorld type_id="opencv-matrix">
  <rows>4</rows>
  <cols>4</cols>
  <dt>d</dt>
  <data>
    9.9968003435446562e-01 2.2803178330055660e-02 1.0947327121355573e-02
    2.8258573195959134e+00 -2.2734686756019792e-02
    9.9972142608206549e-01 -6.3406821831053992e-03
    -1.0365744383067620e-01 -1.1088865188104072e-02
    6.0897693297178581e-03 9.9991997268698996e-01 1.9185585778465788e-01
    0. 0. 0. 1.</data></ExtrinsicWorld>
<transR type_id="opencv-matrix">
  <rows>3</rows>
  <cols>3</cols>
  <dt>d</dt>
  <data>
    9.9968003435446562e-01 2.2803178330055660e-02 1.0947327121355573e-02
    -2.2734686756019792e-02 9.9972142608206549e-01
    -6.3406821831053992e-03 -1.1088865188104072e-02
    6.0897693297178581e-03 9.9991997268698996e-01</data></transR>
<transT type_id="opencv-matrix">
  <rows>3</rows>
  <cols>1</cols>
  <dt>d</dt>
  <data>
    2.8258573195959134e+00 -1.0365744383067620e-01
    1.9185585778465788e-01</data></transT>
<IntrinsicColor type_id="opencv-matrix">
  <rows>3</rows>
  <cols>3</cols>
  <dt>d</dt>
  <data>
    9.0991870117187500e+02 0. 9.6145141601562500e+02 0.
    9.0958349609375000e+02 5.4835345458984375e+02 0. 0. 1.</data></IntrinsicColor>
<DistCoeffColor type_id="opencv-matrix">
  <rows>8</rows>
  <cols>1</cols>
  <dt>d</dt>
  <data>
    3.6335617303848267e-01 -2.4848427772521973e+00
    7.0763286203145981e-04 -2.8504835790954530e-04
    1.4939899444580078e+00 2.4526907503604889e-01
    -2.3101699352264404e+00 1.4196796417236328e+00</data></DistCoeffColor>
</opencv_storage>
