<?xml version="1.0"?>
<opencv_storage>
<ExtrinsicWorld type_id="opencv-matrix">
  <rows>4</rows>
  <cols>4</cols>
  <dt>d</dt>
  <data>
    9.9997414869753209e-01 7.0363267784344886e-03 1.4805546639284847e-03
    1.4506716488672524e+00 -7.0245124251708041e-03
    9.9994460122491002e-01 -7.8390500919525881e-03
    -3.3813938435865012e-02 -1.5356307610931916e-03
    7.8284472676646809e-03 9.9996817811945549e-01 1.0510360512126267e-01
    0. 0. 0. 1.</data></ExtrinsicWorld>
<transR type_id="opencv-matrix">
  <rows>3</rows>
  <cols>3</cols>
  <dt>d</dt>
  <data>
    9.9997414869753209e-01 7.0363267784344886e-03 1.4805546639284847e-03
    -7.0245124251708041e-03 9.9994460122491002e-01
    -7.8390500919525881e-03 -1.5356307610931916e-03
    7.8284472676646809e-03 9.9996817811945549e-01</data></transR>
<transT type_id="opencv-matrix">
  <rows>3</rows>
  <cols>1</cols>
  <dt>d</dt>
  <data>
    1.4506716488672524e+00 -3.3813938435865012e-02
    1.0510360512126267e-01</data></transT>
<IntrinsicColor type_id="opencv-matrix">
  <rows>3</rows>
  <cols>3</cols>
  <dt>d</dt>
  <data>
    9.0991870117187500e+02 0. 9.6145141601562500e+02 0.
    9.0958349609375000e+02 5.4835345458984375e+02 0. 0. 1.</data></IntrinsicColor>
<DistCoeffColor type_id="opencv-matrix">
  <rows>8</rows>
  <cols>1</cols>
  <dt>d</dt>
  <data>
    3.6335617303848267e-01 -2.4848427772521973e+00
    7.0763286203145981e-04 -2.8504835790954530e-04
    1.4939899444580078e+00 2.4526907503604889e-01
    -2.3101699352264404e+00 1.4196796417236328e+00</data></DistCoeffColor>
</opencv_storage>
