<?xml version="1.0"?>
<opencv_storage>
<ExtrinsicWorld type_id="opencv-matrix">
  <rows>4</rows>
  <cols>4</cols>
  <dt>d</dt>
  <data>
    9.9977737247896259e-01 -9.1383412679623740e-03
    -1.9018312173582217e-02 -1.4394409252624147e+00
    9.1833622365277163e-03 9.9995522986411378e-01 2.2812552333871402e-03
    3.1693397886367949e-02 1.8996613832319865e-02
    -2.4553994130070453e-03 9.9981653300824558e-01
    -1.2434197408834156e-01 0. 0. 0. 1.</data></ExtrinsicWorld>
<transR type_id="opencv-matrix">
  <rows>3</rows>
  <cols>3</cols>
  <dt>d</dt>
  <data>
    9.9977737247896259e-01 -9.1383412679623740e-03
    -1.9018312173582217e-02 9.1833622365277163e-03
    9.9995522986411378e-01 2.2812552333871402e-03 1.8996613832319865e-02
    -2.4553994130070453e-03 9.9981653300824558e-01</data></transR>
<transT type_id="opencv-matrix">
  <rows>3</rows>
  <cols>1</cols>
  <dt>d</dt>
  <data>
    -1.4394409252624147e+00 3.1693397886367949e-02
    -1.2434197408834156e-01</data></transT>
<IntrinsicColor type_id="opencv-matrix">
  <rows>3</rows>
  <cols>3</cols>
  <dt>d</dt>
  <data>
    9.0991870117187500e+02 0. 9.6145141601562500e+02 0.
    9.0958349609375000e+02 5.4835345458984375e+02 0. 0. 1.</data></IntrinsicColor>
<DistCoeffColor type_id="opencv-matrix">
  <rows>8</rows>
  <cols>1</cols>
  <dt>d</dt>
  <data>
    3.6335617303848267e-01 -2.4848427772521973e+00
    7.0763286203145981e-04 -2.8504835790954530e-04
    1.4939899444580078e+00 2.4526907503604889e-01
    -2.3101699352264404e+00 1.4196796417236328e+00</data></DistCoeffColor>
</opencv_storage>
